20070425
20070428
20070504
20070511
20070518
20070526
20070530
20070601
20070608
20070615
20070622
20070629
20070706
20070713
20070720
20070727
20070803
20070810
20070817
20070824
20070831
20070907
20070914
20070921
20070928
20071005
20071012
20071019
20071026
20071102
20071107
20071109
20071116
20071123
20071130
20071207
20071214
20071221
20071228
20080104
20080111
20080118
20080125
20080201
20080208
20080215
20080222
20080229
20080307
20080314
20080321
20080328
20080404
20080411
20080418
20080425
20080502
20080509
20080516
20080523
20080530
20080606
20080613
20080620
20080627
20080703
20080711
20080718
20080725
20080801
20080808
20080815
20080822
20080829
20080905
20080912
20080919
20080926
20081003
20081010
20081017
20081024
20081031
20081107
20081114
20081121
20081128
20081205
20081212
20081219
20081226
20090102
20090109
20090116
20090123
20090130
20090206
20090213
20090220
20090227
20090306
20090313
20090320
20090327
20090403
20090410
20090417
20090424
20090501
20090508
20090515
20090522
20090529
20090605
20090612
20090619
20090626
20090702
20090710
20090717
20090724
20090731
20090807
20090814
20090821
20090828
20090904
20090911
20090918
20090925
20091002
20091009
20091016
20091023
20091030
20091106
20091113
20091120
20091127
20091204
20091211
20091218
20091224
20091231
20100108
20100115
20100122
20100129
20100205
20100212
20100219
20100226
20100305
20100312
20100319
20100326
20100402
20100409
20100416
20100423
20100430
20100507
20100514
20100521
20100528
20100604
20100611
20100618
20100625
20100702
20100709
20100716
20100723
20100730
20100806
20100813
20100820
20100827
20100903
20100910
20100917
20100924
20101001
20101008
20101015
20101022
20101029
20101105
20101112
20101119
20101126
20101203
20101210
20101217
20101224
20101231
20110107
20110114
20110121
20110128
20110204
20110211
20110218
20110225
20110304
20110311
20110318
20110325
20110401
20110408
20110415
20110422
20110429
20110506
20110513
20110520
20110527
20110603
20110610
20110617
20110624
20110701
20110708
20110715
20110722
20110729
20110805
20110812
20110819
20110826
20110902
20110909
20110916
20110923
20110930
20111007
20111014
20111021
20111028
20111104
20111111
20111118
20111125
20111202
20111209
20111216
20111223
20111230
20120106
20120113
20120120
20120127
20120203
20120210
20120217
20120224
20120302
20120309
20120316
20120323
20120330
20120406
20120413
20120420
20120427
20120504
20120511
20120518
20120525
20120601
20120608
20120615
20120622
20120629
20120706
20120713
20120720
20120727
20120803
20120810
20120817
20120824
20120831
20120907
20120914
20120921
20120928
20121005
20121012
20121019
20121026
20121102
20121109
20121116
20121123
20121130
20121207
20121214
20121221
20121228
20130104
20130111
20130118
20130125
20130201
20130208
20130215
20130222
20130301
20130308
20130315
20130322
20130329
20130405
20130412
20130419
20130426
20130503
20130510
20130517
20130524
20130531
20130607
20130614
20130621
20130628
20130705
20130712
20130719
20130726
20130802
20130809
20130816
20130823
20130830
20130906
20130913
20130920
20130927
20131004
20131011
20131018
20131025
20131101
20131108
20131115
20131122
20131129
20131206
20131213
20131220
20131227
20140103
20140110
20140117
20140124
20140131
20140207
20140214
20140221
20140228
20140307
20140314
20140321
20140328
20140404
20140411
20140418
20140425
20140502
20140509
20140516
20140523
20140530
20140606
20140613
20140620
20140627
20140703
20140711
20140718
20140725
20140801
20140808
20140815
20140822
20140829
20140905
20140912
20140919
20140926
20141003
20141010
20141017
20141024
20141031
20141107
20141114
20141121
20141128
20141205
20141212
20141219
20141226
20150102
20150109
20150116
20150123
20150130
20150206
20150213
20150220
20150227
20150306
20150313
20150320
20150327
20150403
20150410
20150417
20150424
20150501
20150508
20150515
20150522
20150529
20150605
20150612
20150619
20150626
20150702
20150710
20150717
20150724
20150731
20150807
20150814
20150821
20150828
20150904
20150911
20150918
20150925
20151002
20151009
20151016
20151023
20151030
20151106
20151113
20151120
20151127
20151204
20151211
20151218
20151224
20151231
20160108
20160115
20160122
20160129
20160205
20160212
20160219
20160226
20160304
20160311
20160318
20160325
20160401
20160408
20160415
20160422
20160429
20160506
20160513
20160520
20160527
20160603
20160610
20160617
20160624
20160701
20160708
20160715
20160722
20160729
20160805
20160812
20160818
20160824
20160902
20160909
20160916
20160923
20160930
20161007
20161014
20161021
20161028
20161104
20161111
20161118
20161125
20161202
20161209
20161216
20161222
20161230
20170106
20170113
20170120
20170126
20170203
20170210
20170217
20170224
20170303
20170310
20170317
20170324
20170331
20170407
20170414
20170421
20170428
20170505
20170512
20170519
20170526
20170602
20170609
20170616
20170623
20170630
20170707
20170714
20170721
20170728
20170804
20170811
20170818
20170825
20170901
20170908
20170915
20170922
20170929
20171006
20171013
20171020
20171027
20171103
20171110
20171117
20171124
20171201
20171208
20171215
20171222
20171229
20180105
20180112
20180119
20180126
20180202
20180209
20180216
20180223
20180302
20180309
20180316
20180323
20180329
20180406
20180413
20180420
20180427
20180504
20180511
20180518
20180525
20180601
20180608
20180615
20180622
20180629
20180706
20180713
20180720
20180727
20180803
20180810
20180817
20180824
20180831
20180907
20180914
20180921
20180928
20181005
20181012
20181019
20181026
20181102
20181109
20181116
20181123
20181130
20181207
20181214
20181221
20181228
20190104
20190111
20190118
20190125
20190201
20190208
20190215
20190222
20190301
20190308
20190315
20190322
20190329
20190405
20190412
20190419
20190426
20190503
20190510
20190517
20190524
20190530
20190607
20190614
